min
temps=6500:5000
latlon=1.352083:103.819839
speed=11
method=Auto
map=177.00,100;3.00,100;-6.00,0;-174.00,0;
